x:[0.003918194347141745, 0.00023273922280628724, 1, 1, 121]
fun:0.22288762517982502
