x:[0.00015847101210439096, 0.0008288916866885144, 2, 1, 76]
fun:0.040545926972723745
