x:[0.0022941144328643983, 0.0007961566078062951, 1, 4, 151]
fun:0.5715822361350834
