x:[0.0032413268041956303, 0.0007084541505250234, 2, 3, 32]
fun:0.16620757600207536
