x:[0.0016595613641357258, 0.004638630972397281, 2, 2, 43]
fun:0.22887051953229398
