x:[0.0017177621112338384, 0.0016722697006183672, 1, 1, 67]
fun:0.02607812290449854
