x:[0.0017249321573178998, 0.0005820013372709849, 4, 2, 90]
fun:0.007438570923877272
