x:[0.0006305535040199287, 0.00012397420340784146, 4, 2, 36]
fun:0.36885983145689183
