x:[0.0005899741796710488, 0.00010762979285747968, 2, 2, 78]
fun:0.13614026905204377
